100001276043165
100006243133797
100008311021722
100010942596388
100011439396118
100013389001883
100013583536748
100014833180635
100014964242100
100017616401532
100018645323989
100019924844237
100020376835713
100020541381036
100022283314832
100023022406637
100023151690085
100023399334183
100023550214611
100024330636357
100024613553059
100024895238114
100025437488303
100025568136443
100026468442610
100026777403510
100027002595747
100027099017744
100033580028171
100033668269336
100034429703530
100034816354313
100035494711965
100035714899530
100035775680818
100035831796781
100036206693421
100036491214275
100038377539588
100039082276186
100039979115851
100040369363232
100040651599991
100041705615436
100042032564564
100042107831144
100042304432434
100042512002840
100042702930240
100043810632915
100044074350756
100044389801627
100045278941991
100045554838133
100045735121558
100046612910236
100046687053714
100047809111964
100048089377973
100048168610650
100048514188233
100048719688109
100048816462488
100049027320266
100049440517129
100049446713826
100049863262108
100049894880524
100049976930691
100049978312038
100049983847988
100050045258332
100050170610374
100050243075747
100050272977075
100050383682357
100050420552038
100050633162708
100050692126820
100050692801708
100050742591240
100050746726824
100050829944269
100050938567492
100051187562198
100051691494177
100051713404103
100051877864198
100052090860304
100052547925567
100052563812286
100052623413803
100052706979188
100052733705369
100053152000146
100053283646275
100053331103706
100053503860738
100053621880429
100053686660980
100053760343980
100053772190045
100053780420333
100053963824398
100054188217527
100054964885248
100055102598949
100055428797847
100055574581739
100055681740899
100055878707526
100056022125927
100056148256437
100056519670063
100056633027573
100056702354125
100056741850639
100056743510846
100056819506629
100056990148675
100057134527854
100057305125626
100057405691724
100057793112057
100057976671035
100059010355824
100059163965450
100059323280707
100059619411575
100059836984538
100059875540405
100060050924489
100060069703319
100060092509941
100060394398113
100060844779875
100060866630084
100061643721030
100061833246595
100061954094196
100062881972119
100062976039944
100063043711974
100063046150280
100063087793040
100063363926744
100063480887755
100063521268920
100063539405720
100063596904170
100063841596532
100063863907060
100063943956316
100063985323368
100064091576940
100064151617693
100064302206418
100064441518165
100064592420407
100064669523945
100064671759425
100064937790288
100065044431944
100065141088373
100065370706534
100065381058513
100065385256662
100065414350363
100065498356609
100065541973802
100065558586451
100065587268292
100065879384501
100065933561950
100066000937891
100066217203252
100066247757237
100066348919036
100066445580690
100066503345227
100066509034408
100066606315471
100066624018060
100066667695041
100066810225697
100066845911662
100066955404451
100066982383486
100067023261986
100067219721256
100067278360628
100067336489556
100067636416812
100067649943539
100067676710358
100067691771807
100067717449758
100067865200815
100067872753372
100067909789051
100067915632195
100068000356978
100068040283037
100068049600318
100068088754282
100068315082891
100068330262276
100068425551806
100068505913553
100068554971054
100068647263431
100068747958752
100068906988574
100068921244492
100068927496656
100069047688126
100069072140299
100069165353288
100069308440151
100069334514084
100069351633158
100069367599609
100069399813538
100069496112073
100069557754347
100069641662497
100069656815357
100069707394590
100069731653139
100069802645576
100069940141682
100069959980214
100070027720507
100070042147535
100070045601805
100070126526410
100070235222711
100070246972592
100070344159165
100070410390473
100070449549369
100070474525843
100070544202139
100070744800741
100070780514817
100070840622764
100070891283331
100070938231877
100071097829905
100071252855458
100071509225596
